5000 0.036023
5000 0.093061
5000 0.040904
10000 0.216622
10000 0.545445
10000 0.212674
15000 0.569655
15000 1.345996
15000 0.561807
20000 1.096094
20000 2.530371
20000 1.090406
25000 1.802777
25000 4.090465
25000 1.803102
30000 2.702514
30000 6.392340
30000 2.704087
35000 3.857853
35000 8.827027
35000 3.697939
40000 5.167912
40000 12.060948
40000 5.566952
45000 6.762127
45000 16.008752
45000 6.626874
50000 8.492409
50000 19.565217
50000 8.591299
55000 10.534885
55000 23.375045
55000 11.139245
60000 12.783483
60000 30.932607
60000 12.369686
65000 15.330217
65000 36.501452
65000 15.919509
70000 17.941180
70000 44.240047
70000 19.357270
75000 21.035923
75000 49.740190
75000 22.430722
80000 24.782681
80000 68.267046
80000 26.930879
85000 29.200220
85000 83.943374
85000 31.008341
90000 34.247271
90000 106.825919
90000 39.702828
95000 40.695336
95000 126.058783
95000 42.258916
100000 47.482961
100000 145.197451
100000 49.008974
