5000 0.004028
5000 0.000997
10000 0.008977
10000 0.001034
15000 0.012993
15000 0.002964
20000 0.018015
20000 0.003997
25000 0.022993
25000 0.004987
30000 0.027981
30000 0.006977
35000 0.032967
35000 0.008940
40000 0.038953
40000 0.008977
45000 0.043946
45000 0.011985
50000 0.049989
50000 0.012918
55000 0.056047
55000 0.015275
60000 0.062034
60000 0.016878
65000 0.069043
65000 0.018995
70000 0.074954
70000 0.022443
75000 0.080972
75000 0.024937
80000 0.086917
80000 0.031992
85000 0.094860
85000 0.028923
90000 0.101840
90000 0.039890
95000 0.108822
95000 0.031950
100000 0.115767
100000 0.036090
105000 0.123104
105000 0.040625
110000 0.130185
110000 0.049197
115000 0.138164
115000 0.052892
120000 0.152161
120000 0.052051
125000 0.160141
125000 0.054852
130000 0.167151
130000 0.058898
135000 0.174136
135000 0.063308
140000 0.182113
140000 0.065825
145000 0.190092
145000 0.068146
150000 0.198117
150000 0.064046
155000 0.206151
155000 0.067956
160000 0.213175
160000 0.074373
165000 0.226125
165000 0.080858
170000 0.234123
170000 0.076237
175000 0.243062
175000 0.083776
180000 0.256026
180000 0.083929
185000 0.267897
185000 0.093204
190000 0.276876
190000 0.089054
195000 0.285786
195000 0.093747
200000 0.294764
200000 0.111974
205000 0.303741
205000 0.129231
210000 0.312718
210000 0.113949
215000 0.321695
215000 0.129237
220000 0.330669
220000 0.116992
225000 0.339652
225000 0.117854
230000 0.347623
230000 0.127099
235000 0.355566
235000 0.129710
240000 0.364555
240000 0.135089
245000 0.372534
245000 0.135198
250000 0.381508
250000 0.137934
255000 0.390517
255000 0.147818
260000 0.399539
260000 0.146537
265000 0.408514
265000 0.146659
270000 0.417533
270000 0.152695
275000 0.425589
275000 0.153537
280000 0.433567
280000 0.161878
285000 0.442546
285000 0.162218
290000 0.450524
290000 0.165971
295000 0.459498
295000 0.179836
300000 0.468473
300000 0.177146
