5000 0.004954
5000 0.000000
5000 0.002022
10000 0.008942
10000 0.001995
10000 0.003912
15000 0.012967
15000 0.002957
15000 0.005951
20000 0.017953
20000 0.004986
20000 0.012067
25000 0.022940
25000 0.005984
25000 0.011967
30000 0.027927
30000 0.007978
30000 0.014961
35000 0.032914
35000 0.008976
35000 0.025053
40000 0.037901
40000 0.011968
40000 0.041875
45000 0.043885
45000 0.011968
45000 0.028887
50000 0.049869
50000 0.014960
50000 0.031951
55000 0.055853
55000 0.016955
55000 0.036901
60000 0.061837
60000 0.018949
60000 0.042991
65000 0.067821
65000 0.021942
65000 0.045838
70000 0.073805
70000 0.026928
70000 0.049908
75000 0.079789
75000 0.026928
75000 0.072867
80000 0.085773
80000 0.028936
80000 0.063854
85000 0.091757
85000 0.030917
85000 0.076756
90000 0.097740
90000 0.032913
90000 0.072807
95000 0.104721
95000 0.036411
95000 0.078083
100000 0.111701
100000 0.039894
100000 0.082774
