5000 0.002991
5000 0.000997
5000 0.000998
10000 0.006980
10000 0.002023
10000 0.003984
15000 0.010969
15000 0.003962
15000 0.003990
20000 0.014959
20000 0.004945
20000 0.007021
25000 0.019904
25000 0.005984
25000 0.009936
30000 0.023921
30000 0.008348
30000 0.012319
35000 0.029009
35000 0.009938
35000 0.013960
40000 0.034036
40000 0.011893
40000 0.016955
45000 0.039028
45000 0.014962
45000 0.019973
50000 0.045010
50000 0.020018
50000 0.024047
55000 0.050925
55000 0.019015
55000 0.026927
60000 0.057974
60000 0.021877
60000 0.032021
65000 0.064468
65000 0.024933
65000 0.033101
70000 0.071448
70000 0.028991
70000 0.040063
75000 0.078430
75000 0.032911
75000 0.041921
80000 0.085345
80000 0.034974
80000 0.044880
85000 0.092325
85000 0.037833
85000 0.048884
90000 0.100330
90000 0.041897
90000 0.053909
95000 0.106287
95000 0.047553
95000 0.054946
100000 0.115257
100000 0.052861
100000 0.063835
