5000 0.002994
5000 0.000996
10000 0.006985
10000 0.001996
15000 0.010968
15000 0.001996
20000 0.013961
20000 0.004988
25000 0.017950
25000 0.005983
30000 0.021941
30000 0.007977
35000 0.025933
35000 0.008980
40000 0.029919
40000 0.011971
45000 0.034901
45000 0.012967
50000 0.038892
50000 0.014984
55000 0.042891
55000 0.015921
60000 0.046879
60000 0.018947
65000 0.051867
65000 0.020945
70000 0.056853
70000 0.022939
75000 0.061806
75000 0.026409
80000 0.067791
80000 0.026926
85000 0.073772
85000 0.029922
90000 0.078758
90000 0.032910
95000 0.083747
95000 0.034910
100000 0.089726
100000 0.042903
105000 0.095709
105000 0.040927
110000 0.100661
110000 0.043882
115000 0.106674
115000 0.060808
120000 0.111661
120000 0.049869
125000 0.117644
125000 0.052931
130000 0.122557
130000 0.064901
135000 0.127467
135000 0.064827
140000 0.133517
140000 0.084741
145000 0.139466
145000 0.071844
150000 0.145455
150000 0.069351
155000 0.152433
155000 0.072807
160000 0.158416
160000 0.077369
165000 0.164433
165000 0.083743
170000 0.171449
170000 0.083696
175000 0.177507
175000 0.091509
180000 0.185485
180000 0.103740
185000 0.191503
185000 0.103688
190000 0.197487
190000 0.098075
195000 0.204473
195000 0.100651
200000 0.211406
200000 0.109742
205000 0.217428
205000 0.111626
210000 0.223485
210000 0.113435
215000 0.229470
215000 0.124630
220000 0.236412
220000 0.143737
225000 0.243600
225000 0.131137
230000 0.249591
230000 0.135245
235000 0.256606
235000 0.134632
240000 0.263588
240000 0.148616
245000 0.269575
245000 0.144504
250000 0.277626
250000 0.157599
255000 0.285602
255000 0.172542
260000 0.292641
260000 0.177802
265000 0.300549
265000 0.181046
270000 0.308814
270000 0.207821
275000 0.318779
275000 0.187010
280000 0.328678
280000 0.202947
285000 0.335660
285000 0.231246
290000 0.347628
290000 0.210943
295000 0.354611
295000 0.229816
300000 0.362592
300000 0.207472
